@relation lda

@attribute topic0 numeric
@attribute topic1 numeric
@attribute topic2 numeric
@attribute topic3 numeric
@attribute topic4 numeric
@attribute classLabel {1.0, 2.0, 3.0, 4.0}
@data
0.0719179544977,0.0661117414276,0.294698588724,0.0206794420958,0.546592273255,1.0
0.0205492663375,0.0205741052477,0.448979792053,0.307958427965,0.201938408397,1.0
0.0767956465974,0.00505315850795,0.410146390919,0.148269424052,0.359735379924,1.0
0.8843268722,0.0288053068578,0.0288726263763,0.0288994672342,0.0290957273317,1.0
0.0514195707393,0.0509057228807,0.795031872643,0.0510496879057,0.0515931458317,1.0
0.197467896875,0.0,0.284337927162,0.058036627021,0.460157548942,1.0
0.143784205259,0.0112714263995,0.0111577111731,0.209736368609,0.624050288559,1.0
0.0173300837586,0.0171092803024,0.637549394659,0.310604641608,0.0174065996723,1.0
0.0801193754492,0.0,0.0873225313553,0.429885362857,0.402672730338,1.0
0.191397421568,0.460872429037,0.169927482696,0.177802666699,0.0,1.0
0.204200975434,0.195451868102,0.0457290320438,0.0611376151191,0.493480509301,1.0
0.0175945718817,0.0167789089289,0.247968369567,0.0168145155822,0.70084363404,1.0
0.162620398393,0.0553915018824,0.278548579864,0.0527365556241,0.450702964236,1.0
0.111669901656,0.0349586185344,0.508305028981,0.0511620904029,0.293904360426,1.0
0.0270903392481,0.0,0.40285545781,0.162867535251,0.407186667691,1.0
0.0183422079669,0.0183400764469,0.146788221505,0.144413755403,0.672115738679,1.0
0.405617973524,0.0,0.21282407148,0.0498203042802,0.331737650716,1.0
0.126263070558,0.0538585770182,0.106518097074,0.182906290653,0.530453964696,1.0
0.010090677068,0.0100436216249,0.383687878235,0.0100676047514,0.586110218321,1.0
0.0390258182547,0.338462183215,0.0,0.534239557883,0.0882724406475,1.0
0.0143628146722,0.0150748660902,0.0143261623963,0.209544383694,0.746691773147,1.0
0.0811726057329,0.299193688392,0.0,0.37850269368,0.241131012194,1.0
0.0230684474579,0.0228024750203,0.199056809355,0.175285682611,0.579786585556,1.0
0.0,0.0,0.0,0.246706067735,0.753293932265,1.0
0.168612954999,0.0,0.0784263670785,0.144026448859,0.608934229064,1.0
0.016018311937,0.66835035707,0.0994425702096,0.200039417231,0.0161493435528,1.0
0.145273887485,0.181122066585,0.180600986563,0.143392219364,0.349610840002,1.0
0.0126475575559,0.213582681767,0.123453228425,0.180992145147,0.469324387105,1.0
0.220542391474,0.0171062201402,0.0171358029944,0.114637409678,0.630578175713,1.0
0.0257194264117,0.0265986203468,0.0265822070472,0.223596707422,0.697503038773,1.0
0.281652645484,0.152791208171,0.0,0.256033690244,0.309522456102,1.0
0.0,0.133066698278,0.343078382063,0.0935826400902,0.430272279569,1.0
0.0250000593164,0.0253355482478,0.0252628393891,0.208869007452,0.715532545595,1.0
0.210082463106,0.0,0.0456022911252,0.166749072466,0.577566173304,1.0
0.0559960197513,0.0885797631317,0.0559340269159,0.518869774535,0.280620415666,1.0
0.327738289813,0.0100793459577,0.203497743553,0.0101187233803,0.448565897296,1.0
0.0,0.218978325957,0.147819463455,0.633202210587,0.0,1.0
0.0704463512246,0.385968367466,0.0144534254283,0.41014975575,0.118982100131,2.0
0.153714257333,0.405878114231,0.0,0.336987815254,0.103419813183,2.0
0.0633987699318,0.476564019483,0.0820217732832,0.354269790944,0.0237456463576,2.0
0.353064417086,0.120777772989,0.037117620488,0.424192033146,0.0648481562909,2.0
0.261455882921,0.00446632433801,0.305535936263,0.00448386225254,0.424057994225,2.0
0.301891847325,0.396497003698,0.199915814405,0.0,0.101695334572,2.0
0.122875518896,0.0352192743742,0.395536764145,0.027341353674,0.419027088912,2.0
0.114760313699,0.13010441779,0.124194913742,0.0170920250058,0.613848329763,2.0
0.0072004440845,0.415790839462,0.0390128802085,0.137609802627,0.400386033618,2.0
0.0810546883169,0.181241505692,0.0107934196788,0.22149461809,0.505415768222,2.0
0.00486052145887,0.222035382891,0.163487325877,0.260676696257,0.348940073516,2.0
0.0178349370251,0.205631294329,0.186243018232,0.440641095016,0.149649655398,2.0
0.0,0.0,0.0985723207497,0.0914380042272,0.809989675023,2.0
0.145000493333,0.539417355802,0.0590824651559,0.135121305234,0.121378380476,2.0
0.0956230254794,0.324457061977,0.168195941946,0.271065879365,0.140658091233,2.0
0.11662649313,0.497786426557,0.0481852764313,0.23480484563,0.102596958251,2.0
0.00127190992093,0.693172030004,0.0769674137179,0.135724416785,0.0928642295728,2.0
0.100008881423,0.0196427558984,0.0267009638539,0.672163795603,0.181483603222,2.0
0.00699955916801,0.658509765247,0.0309621461013,0.151967386746,0.151561142738,2.0
0.05007362213,0.140231246967,0.249013167681,0.394881468621,0.165800494602,2.0
0.131617764966,0.162488439315,0.0278397956891,0.425513000347,0.252540999683,2.0
0.371285579347,0.256258365616,0.0251955413475,0.0251534792921,0.322107034398,2.0
0.047305204174,0.573347258373,0.00210020125352,0.141374944357,0.235872391843,2.0
0.135555716862,0.3681741498,0.0526100488132,0.279010140592,0.164649943932,2.0
0.10397909459,0.0664845556465,0.128714036714,0.586221599931,0.114600713119,2.0
0.129770424789,0.535453782051,0.189067456275,0.050667895194,0.0950404416911,2.0
0.395271341391,0.0135571019546,0.013585029273,0.0135289303042,0.564057597078,2.0
0.0558790120489,0.00557305307627,0.39179383048,0.160809093055,0.385945011339,2.0
0.16984788333,0.0586214808747,0.532399926356,0.236322326012,0.0028083834262,2.0
0.0,0.234440273411,0.586401643362,0.110942623383,0.0682154598441,2.0
0.228791586859,0.506159059618,0.149301276606,0.0,0.115748076916,2.0
0.0,0.270236304458,0.0,0.541021594528,0.188742101015,2.0
0.0,0.275063197482,0.0,0.448010951203,0.276925851315,2.0
0.124246147139,0.0,0.245477429304,0.469414605405,0.160861818152,2.0
0.30910059207,0.215162021314,0.142279369303,0.219305080327,0.114152936985,2.0
0.0154125124632,0.628060496371,0.0772641896476,0.130928888621,0.148333912897,2.0
0.161037639212,0.307671327952,0.117173410313,0.158278350417,0.255839272106,2.0
0.0292647810347,0.280262750853,0.177908847235,0.318693897104,0.193869723773,2.0
0.0490684326188,0.0678109514503,0.65715182853,0.0293355825296,0.196633204871,2.0
0.0,0.0,0.207974992874,0.0,0.792025007126,2.0
0.117956178816,0.147458794545,0.0588934901096,0.617174989228,0.0585165473012,2.0
0.0906651087049,0.0,0.121738441034,0.667201468532,0.120394981729,2.0
0.0398274565437,0.438329966178,0.00983535710617,0.345316823318,0.166690396854,2.0
0.20120737326,0.338897346358,0.0364085350372,0.107842560562,0.315644184782,2.0
0.0,0.930312356293,0.0,0.0696876437074,0.0,2.0
0.156198669105,0.0102882516773,0.164901105711,0.0731732661335,0.595438707373,2.0
0.654203442657,0.0302006031825,0.197537637539,0.0302871944796,0.0877711221412,2.0
0.230657911622,0.0338363109671,0.0334069218904,0.406199834853,0.295899020668,2.0
0.0232251620182,0.307352951836,0.146857691467,0.500054762432,0.0225094322472,2.0
0.0167322103813,0.0953537790128,0.305778287152,0.224442717538,0.357693005916,2.0
0.13018125778,0.576895167404,0.255385291254,0.018740661944,0.0187976216184,2.0
0.326848300445,0.0206905734502,0.199071671395,0.020375574689,0.43301388002,2.0
0.200928592358,0.348924477265,0.0755292267884,0.0350277296152,0.339589973973,2.0
0.00512567045539,0.00510337368698,0.417861482759,0.0489096899574,0.522999783141,2.0
0.278497437967,0.299356431424,0.0287703138676,0.364801793318,0.0285740234228,2.0
0.0080722045584,0.179620473519,0.138614331912,0.19320391148,0.480489078532,2.0
0.534303653777,0.0400946527314,0.0405521299607,0.0403893076028,0.344660255928,2.0
0.3143231531,0.0530269561306,0.164409111725,0.108281820258,0.359958958787,2.0
0.0121883788031,0.0121930836066,0.0120567812399,0.758276731861,0.20528502449,2.0
0.0126730565058,0.0210538094559,0.188514320793,0.0898900946468,0.687868718599,2.0
0.00506951711517,0.00503748002563,0.519397563465,0.00505498452463,0.465440454869,2.0
0.0159729936304,0.0155324825877,0.0155134421738,0.937034510037,0.0159465715714,2.0
0.0140274160462,0.147536583554,0.102914083528,0.441622316271,0.293899600601,2.0
0.154818239425,0.0279655870993,0.313766197719,0.0481963767276,0.455253599029,2.0
0.19002017386,0.400336432069,0.0108702875505,0.047197938925,0.351575167595,2.0
0.162210492579,0.473624223127,0.0767476383659,0.212153996543,0.0752636493852,2.0
0.160670653193,0.315303929359,0.188850761397,0.335174656052,0.0,2.0
0.16592920003,0.244305053044,0.0962349358736,0.282281953266,0.211248857787,2.0
0.00425076875586,0.0537532156877,0.364127867341,0.187035329876,0.390832818339,2.0
0.126613639172,0.293008725787,0.0705886321913,0.29893711823,0.21085188462,2.0
0.252560658985,0.220182016818,0.051040498901,0.158984853997,0.317231971299,2.0
0.44805083169,0.158119634119,0.10867599198,0.143156709345,0.141996832866,2.0
0.0181819712749,0.289360527527,0.0182216185887,0.552868948922,0.121366933688,2.0
0.17022274101,0.298656200449,0.119358077272,0.209186705903,0.202576275366,2.0
0.120341051478,0.0,0.508810426998,0.0499963627232,0.320852158801,2.0
0.121245802607,0.214792096226,0.352686902818,0.136487677004,0.174787521345,2.0
0.0184458872611,0.387732934518,0.369425903888,0.0183068347862,0.206088439546,2.0
0.021798455203,0.453370551783,0.0736802536411,0.0766430868611,0.374507652511,2.0
0.0133308878182,0.489288426073,0.139360107369,0.175149341487,0.182871237252,2.0
0.0563778528234,0.153240073109,0.312961264046,0.0,0.477420810022,2.0
0.0,0.0,0.243225053602,0.0,0.756774946398,2.0
0.243835218209,0.334619302621,0.11785917133,0.156015049885,0.147671257956,2.0
0.145722601457,0.624246375758,0.209380111081,0.0102756022544,0.0103753094503,2.0
0.0509441110233,0.0539473898166,0.0116634854894,0.671668988036,0.211776025634,2.0
0.0291026949955,0.436715003216,0.0286504472587,0.476154379346,0.029377475184,2.0
0.140880467401,0.0141143609731,0.52496388972,0.0466541452889,0.273387136618,2.0
0.0230941748249,0.533013050877,0.0231034338566,0.135594140086,0.285195200355,2.0
0.152790981214,0.398647330774,0.0139552414353,0.304250263332,0.130356183244,2.0
0.0,0.556386575693,0.0,0.209441520936,0.234171903371,2.0
0.196052764602,0.0,0.314508024344,0.23570674085,0.253732470203,2.0
0.113011949568,0.5342193501,0.143468910902,0.123116855659,0.0861829337705,2.0
0.295188305902,0.180291976488,0.115178393403,0.283689945648,0.125651378559,2.0
0.035056776838,0.0336558817955,0.863613314062,0.0342864591156,0.0333875681894,2.0
0.0,0.0,0.424523577345,0.0933971926452,0.48207923001,2.0
0.192947676042,0.0144299972511,0.0145679662253,0.0145493071623,0.76350505332,2.0
0.229379908818,0.318724685774,0.0210265998102,0.409955474114,0.0209133314842,2.0
0.339363966752,0.206199766481,0.16714489468,0.0159134194838,0.271377952604,2.0
0.177080479232,0.426983872133,0.0,0.0,0.395935648635,2.0
0.0337622456155,0.0336714435367,0.0353765212777,0.391425700709,0.505764088861,2.0
0.053917517414,0.0031863866184,0.466203712755,0.0541277982521,0.42256458496,2.0
0.0,0.776731767061,0.0674012402933,0.0,0.155866992646,2.0
0.25846517092,0.180407769252,0.0468378495818,0.364394039953,0.149895170293,2.0
0.011637476039,0.0376545191398,0.415956300051,0.0325018594774,0.502249845293,2.0
0.0903726020197,0.0804282407743,0.366324458369,0.19027050406,0.272604194777,2.0
0.583107898243,0.097750627161,0.319141474596,0.0,0.0,2.0
0.0623212329978,0.0425654500851,0.571198704062,0.128972361191,0.194942251664,2.0
0.014436286968,0.874481358666,0.0144094768845,0.0822235281343,0.0144493493469,2.0
0.128000527712,0.014351899242,0.488380865508,0.0419457178585,0.327320989679,2.0
0.0821106890171,0.283909544694,0.476302709824,0.0371620300225,0.120515026443,2.0
0.525598979587,0.0274993952072,0.0971349812784,0.147506408156,0.202260235771,2.0
0.0743863195327,0.0,0.35996693165,0.0525414654885,0.513105283329,2.0
0.184569675875,0.0182820289842,0.0183037143839,0.0183848670509,0.760459713706,2.0
0.0923699460929,0.080648345588,0.511275848801,0.0383609766165,0.277344882901,2.0
0.0528785379084,0.0585035078494,0.160164882701,0.524527310113,0.203925761428,2.0
0.241788570782,0.445351341196,0.16199080321,0.0763658066088,0.0745034782026,2.0
0.0539862378304,0.114809071271,0.0214281172035,0.55235703533,0.257419538365,2.0
0.0334378746873,0.339101917632,0.145050535403,0.30817039773,0.174239274548,2.0
0.51651452268,0.188530962638,0.0125785549436,0.0128978552996,0.269478104439,2.0
0.203335812233,0.269820920321,0.192283168084,0.1526953524,0.181864746963,2.0
0.0114323586519,0.0776932996026,0.0335276484105,0.404575184358,0.472771508977,2.0
0.116763018379,0.22826510585,0.0618204659074,0.422572861282,0.170578548583,2.0
0.13363428617,0.284841325849,0.207869187213,0.235938109926,0.137717090842,2.0
0.122679717948,0.500415466183,0.0616805577816,0.0907402265566,0.224484031531,2.0
0.0239929464824,0.0668494848087,0.803173646373,0.0232883582505,0.082695564085,2.0
0.0879412238732,0.552859010229,0.030031228851,0.157092311176,0.17207622587,2.0
0.155789201116,0.492127538517,0.0668807192993,0.245875636225,0.0393269048422,2.0
0.0297381221069,0.0288766365256,0.0287817418386,0.628329019998,0.284274479531,2.0
0.0524954237246,0.107188474582,0.0661713481037,0.558720850425,0.215423903165,2.0
0.182081532397,0.0208911013314,0.19942806999,0.416903901683,0.180695394598,2.0
0.239998170312,0.0140805026339,0.278653297517,0.0254132619739,0.441854767563,2.0
0.0,0.0734479369132,0.280072165939,0.249382772,0.397097125148,2.0
0.0731990914286,0.0,0.690319683937,0.0193318225443,0.21714940209,2.0
0.124385477934,0.448102592724,0.0364817255583,0.0877058350053,0.303324368778,2.0
0.0238026622916,0.00649119326326,0.765720266473,0.042127490431,0.161858387541,2.0
0.19887482513,0.0,0.0634763747745,0.0,0.737648800095,2.0
0.0,0.764949195732,0.089642714131,0.0,0.145408090137,2.0
0.195320383927,0.439893546688,0.0283556607047,0.0593945218315,0.277035886849,2.0
0.156726400023,0.0144420437258,0.0144308019683,0.50999682047,0.304403933813,2.0
0.114826727992,0.0287748581424,0.241319596229,0.318324342015,0.296754475622,2.0
0.105018088989,0.59227623974,0.148286004226,0.0505574336788,0.103862233366,2.0
0.328312324407,0.00761757457325,0.58453506417,0.0158211941796,0.06371384267,2.0
0.0181264953713,0.10610726233,0.456848008607,0.0791237682356,0.339794465456,2.0
0.0400644440537,0.493104965689,0.0403922367349,0.0406410840634,0.385797269459,2.0
0.0184252979966,0.0186803887694,0.0185276479208,0.363716581565,0.580650083748,2.0
0.103103821217,0.30188631508,0.205792749607,0.161182531059,0.228034583037,2.0
0.0,0.471596095699,0.0,0.256572528094,0.271831376207,2.0
0.0818394110129,0.336595727875,0.0201387795504,0.53236821353,0.0290578680312,3.0
0.163824336326,0.10938366694,0.668188908595,0.0227208487566,0.0358822393814,3.0
0.0,0.0,0.91782914103,0.0,0.0821708589703,3.0
0.0118924188488,0.134919181465,0.311822810963,0.0587257941651,0.482639794558,3.0
0.523044991303,0.266055388705,0.0350023268658,0.112869765089,0.0630275280371,3.0
0.0,0.249660831964,0.506553056345,0.0965047625106,0.147281349181,3.0
0.0137406811222,0.472964275782,0.247036819204,0.252637022772,0.0136212011189,3.0
0.185567712204,0.2206020718,0.354159272417,0.131421672358,0.108249271221,3.0
0.199466290754,0.0324733766468,0.172913320057,0.140636284819,0.454510727723,3.0
0.526149112586,0.028751133719,0.0936227089384,0.196290379417,0.15518666534,3.0
0.147867538713,0.00576850635122,0.299845265215,0.00579652843175,0.540722161289,3.0
0.231342948794,0.241495361622,0.0405430488493,0.469917604602,0.0167010361332,3.0
0.0183408653363,0.160557011953,0.0343152562256,0.618863762516,0.167923103969,3.0
0.0991737904153,0.524587562368,0.0,0.376238647217,0.0,3.0
0.251919358014,0.394570502882,0.0425852268104,0.237964950827,0.0729599614674,3.0
0.542120398823,0.138967589636,0.0147452911134,0.0146088658874,0.289557854541,3.0
0.0432771971433,0.0373926761135,0.254543156066,0.0493603175469,0.61542665313,3.0
0.187503087259,0.00758216880098,0.630865734221,0.00756938850366,0.166479621216,3.0
0.00676006708973,0.00679844146001,0.511501956633,0.00678987454927,0.468149660268,3.0
0.154117979202,0.0136710720585,0.24910957709,0.569337065578,0.0137643060717,3.0
0.0223084329395,0.491460173116,0.0905136484442,0.376165290307,0.0195524551934,3.0
0.328606474318,0.132230061892,0.229040908651,0.180559333627,0.129563221513,3.0
0.402787926784,0.107151340417,0.0974477526602,0.248567552042,0.144045428097,3.0
0.223163117332,0.0410895004253,0.583629917206,0.048954441187,0.10316302385,3.0
0.516495555507,0.198948051924,0.013398544416,0.257710486995,0.0134473611582,3.0
0.102835222639,0.571813288879,0.0482560830204,0.0946299521223,0.182465453339,3.0
0.302899912468,0.337532291581,0.0944309207532,0.201432330621,0.0637045445769,3.0
0.434318996028,0.149800184583,0.0978443135135,0.0970951926374,0.220941313238,3.0
0.413584826374,0.0176258961581,0.354137030978,0.0344334729789,0.180218773511,3.0
0.195669078621,0.569011910208,0.210580841734,0.0123758728348,0.0123622966019,3.0
0.219613999862,0.352860693052,0.0963179843235,0.236964776404,0.0942425463582,3.0
0.347858127749,0.0693882960321,0.446308002763,0.0832892431805,0.0531563302752,3.0
0.166169006873,0.0654196462445,0.6345114167,0.0724981155909,0.061401814591,3.0
0.128147125773,0.0322733906912,0.244544459831,0.108498854267,0.486536169438,3.0
0.183086035009,0.455009335173,0.0430372882489,0.269266173051,0.0496011685183,3.0
0.181131405783,0.191626821251,0.00562575214605,0.424433098177,0.197182922643,3.0
0.132087644789,0.650563450204,0.035354159632,0.0735381460159,0.108456599359,3.0
0.0965131891432,0.243093775951,0.182579877982,0.477813156924,0.0,3.0
0.190559912492,0.132893799106,0.204398583593,0.105998154199,0.36614955061,3.0
0.1376543785,0.458313934883,0.1171035756,0.193778674146,0.0931494368708,3.0
0.20136204917,0.447007724742,0.102091683672,0.137328973928,0.112209568488,3.0
0.0,0.781201827214,0.0253390093968,0.024482329213,0.168976834177,3.0
0.015185972547,0.101424051414,0.0149136621593,0.63525488368,0.233221430199,3.0
0.0310909262522,0.560232560278,0.0872707387095,0.0348604950189,0.286545279741,3.0
0.137247749223,0.456086884124,0.115285015066,0.219062839688,0.0723175118988,3.0
0.167208058958,0.44703692262,0.0621180296907,0.271225166131,0.0524118226004,3.0
0.124203230751,0.313526548371,0.0744859114111,0.218283864651,0.269500444815,3.0
0.0906510976595,0.331960525772,0.125005099238,0.28478713253,0.1675961448,3.0
0.177461612525,0.0985792115734,0.0784404664497,0.578890426925,0.0666282825268,3.0
0.16143110328,0.0582213130924,0.323778177709,0.109016936317,0.347552469602,3.0
0.193670689917,0.0288917451255,0.0288591512712,0.274089930125,0.474488483562,3.0
0.288072780504,0.0468067789561,0.375358650947,0.0992671310478,0.190494658545,3.0
0.550883961445,0.0912005107552,0.014300907163,0.329304149876,0.0143104707601,3.0
0.185708415023,0.517416136902,0.0374813310078,0.142764395213,0.116629721855,3.0
0.288754501952,0.419324843632,0.0612275367024,0.081060206199,0.149632911514,3.0
0.387196884894,0.034385190641,0.510666604068,0.0337946115659,0.0339567088311,3.0
0.33066682107,0.0125693490074,0.369636928728,0.053054110126,0.234072791068,3.0
0.0402858506791,0.837135777128,0.0408293033588,0.0411562980077,0.0405927708262,3.0
0.172365226553,0.0306317174205,0.237780289782,0.0813212767412,0.477901489503,3.0
0.335921857827,0.411857765076,0.0409067381441,0.0170809431847,0.194232695768,3.0
0.209745611103,0.483479371646,0.0523349670375,0.18341673135,0.0710233188636,3.0
0.0711798909665,0.0680232487709,0.0681720040591,0.723796153066,0.0688287031371,3.0
0.128241257776,0.566512932961,0.0257876639173,0.123544567967,0.155913577378,3.0
0.289459867409,0.0699891524934,0.138591872823,0.338725981381,0.163233125894,3.0
0.188520514467,0.470953094128,0.141346610171,0.0857839193699,0.113395861864,3.0
0.0499525629931,0.33344613131,0.147231425382,0.0928746751242,0.37649520519,3.0
0.504066535529,0.252716973736,0.105462828065,0.0812857203214,0.056467942349,3.0
0.120859979633,0.0831522153569,0.505474130307,0.10265140284,0.187862271864,3.0
0.52471181195,0.0155883036001,0.197451119039,0.180645745018,0.0816030203933,3.0
0.00743355993385,0.172640925708,0.00749407548943,0.804986387459,0.00744505140888,3.0
0.158610945054,0.531444175048,0.00522791439882,0.148119992536,0.156596972963,3.0
0.230701254858,0.275336950457,0.0200418502632,0.40893311481,0.0649868296108,3.0
0.178961990006,0.410944852348,0.0169207605863,0.199659298262,0.193513098798,3.0
0.0753185774837,0.631289991308,0.0572426525326,0.082479624096,0.15366915458,3.0
0.042712979385,0.0,0.421498720143,0.0566998182427,0.479088482229,3.0
0.274571399913,0.0896378372932,0.29310227084,0.243658058375,0.0990304335789,3.0
0.0228130169592,0.361969972694,0.0225843581675,0.569856905027,0.0227757471524,3.0
0.31951702649,0.0151867613169,0.13152892206,0.11089132323,0.422875966902,3.0
0.270734831878,0.269627199987,0.114412711527,0.258848243999,0.0863770126089,3.0
0.292275287212,0.159640458912,0.391589604609,0.137571533549,0.0189231157175,3.0
0.169803629876,0.493997973964,0.0378539037434,0.0617766357279,0.236567856688,3.0
0.012519590236,0.619230366974,0.0123931249984,0.291321422493,0.0645354952984,3.0
0.334103401437,0.209864102461,0.0288586322576,0.368979084692,0.0581947791521,3.0
0.00787395759091,0.0468943155654,0.498656360868,0.0817584935218,0.364816872454,3.0
0.201253764426,0.507272612191,0.0569384911507,0.181226332797,0.0533087994351,3.0
0.279115339203,0.0978393854678,0.525957918879,0.0390794013582,0.0580079550918,3.0
0.238824685494,0.0894636904184,0.0278950046801,0.305791020591,0.338025598816,3.0
0.128801476323,0.0,0.464562565632,0.0598343557613,0.346801602283,3.0
0.0711339737424,0.18919446931,0.272409184643,0.43350842163,0.0337539506748,3.0
0.389262716798,0.296134966667,0.0400906471063,0.150560926563,0.123950742866,3.0
0.0518796672256,0.795202978746,0.0508527923889,0.050801159762,0.0512634018772,3.0
0.16110620821,0.146874609386,0.0105745942791,0.670761168847,0.010683419277,3.0
0.0337678281414,0.671540366065,0.0337605032905,0.0341072493087,0.226824053195,3.0
0.061260448662,0.574725962563,0.0141173827706,0.273252184242,0.0766440217625,3.0
0.203343934462,0.583130097466,0.0815930217977,0.0444420422405,0.0874909040332,3.0
0.190085053889,0.49330781533,0.0512064812426,0.141717638503,0.123683011036,3.0
0.263594910999,0.132864259725,0.250734283264,0.275002964817,0.0778035811948,3.0
0.115330811414,0.389293121253,0.0355102094812,0.347043733453,0.112822124399,3.0
0.0948344648719,0.00630626347291,0.556295072506,0.336254432879,0.00630976626971,3.0
0.215137868107,0.424011521906,0.126129153255,0.119001409968,0.115720046764,3.0
0.157183970246,0.130795356879,0.063367160194,0.403999656471,0.24465385621,3.0
0.30739488601,0.179294393517,0.268926112832,0.14499532901,0.0993892786308,3.0
0.136841291239,0.181554530661,0.0980349476183,0.433587765623,0.149981464859,3.0
0.039068458723,0.028485068156,0.0988960450378,0.195478043473,0.63807238461,3.0
0.2443034866,0.268903210744,0.0604984221635,0.282656227535,0.143638652956,3.0
0.350896039468,0.247079517366,0.0372125317835,0.205475837087,0.159336074295,3.0
0.183055574736,0.527358610117,0.011155248261,0.267232619552,0.0111979473342,3.0
0.271522704125,0.513889011197,0.115120897606,0.0540869985906,0.0453803884818,3.0
0.167773805916,0.503786589323,0.0406592694554,0.213056219309,0.0747241159962,3.0
0.113677463474,0.0254644176832,0.367467595858,0.0545603767187,0.438830146266,3.0
0.150595913759,0.0251819903884,0.456393126509,0.0256277404795,0.342201228864,3.0
0.19409446539,0.609902105313,0.0372813909194,0.046650197161,0.112071841217,3.0
0.172369162436,0.384039597615,0.0328161251143,0.326890311108,0.0838848037259,3.0
0.0289457669943,0.0288904565859,0.0295311589075,0.883871323979,0.0287612935336,3.0
0.119720369852,0.0944016087616,0.211226351962,0.0841304527151,0.490521216709,3.0
0.0731913137751,0.337077506258,0.156812468728,0.384766949329,0.0481517619106,3.0
0.360418152463,0.0152912123007,0.357871230481,0.0578335954845,0.208585809271,3.0
0.153270856531,0.482171207309,0.0320048322913,0.251495017059,0.0810580868096,3.0
0.202644500244,0.337860031598,0.107199156388,0.227123762326,0.125172549445,3.0
0.134350842473,0.378523663726,0.0555071345295,0.32352321725,0.108095142022,3.0
0.137718269199,0.100118012375,0.114769495566,0.541036704801,0.106357518059,3.0
0.226888443653,0.0669335436284,0.181045332818,0.11128655046,0.413846129441,3.0
0.127737803191,0.0424697129644,0.187587589771,0.398440428865,0.243764465209,3.0
0.0524365058427,0.0752503348001,0.484853525745,0.057664716638,0.329794916974,3.0
0.0334618643963,0.033448352632,0.0333886873745,0.866310815353,0.0333902802446,3.0
0.192225414366,0.585643845634,0.0625777983163,0.0682123153808,0.0913406263029,3.0
0.223322993463,0.149493954181,0.258778523159,0.0989556597254,0.269448869472,3.0
0.0106977956394,0.201635887341,0.109324158767,0.667663085676,0.0106790725773,3.0
0.226902086823,0.0334751492173,0.134174707805,0.05425787198,0.551190184175,3.0
0.0301102016328,0.677803940703,0.130123911206,0.0300703340031,0.131891612456,3.0
0.482352113577,0.270918161589,0.0213140077967,0.195317566613,0.0300981504246,3.0
0.115102977188,0.229013928929,0.051920656422,0.413155520841,0.190806916621,3.0
0.376943077912,0.142381875409,0.197169018225,0.166025858736,0.117480169719,3.0
0.0,0.204209606034,0.0612837888143,0.220790514811,0.513716090341,3.0
0.403566654457,0.0613799190671,0.207710995599,0.158666837813,0.168675593065,3.0
0.0923516527964,0.132821403099,0.496435116767,0.131654767673,0.146737059665,3.0
0.204333278045,0.0196808334203,0.545407902689,0.0233167112257,0.20726127462,3.0
0.186918887917,0.540431552622,0.116718494686,0.142292324092,0.0136387406836,3.0
0.0268340299838,0.116519144955,0.0262624679928,0.268476489128,0.56190786794,3.0
0.542669067607,0.115793262239,0.20223355732,0.0144870208021,0.124817092031,3.0
0.174242587111,0.333163350719,0.0635554334671,0.366407029366,0.0626315993365,3.0
0.142844541534,0.572633100827,0.0504409242013,0.0871051648468,0.146976268591,3.0
0.235964432876,0.570379066224,0.0935674763657,0.0247987249683,0.0752902995663,3.0
0.469831522618,0.10185898741,0.0439989239002,0.259558891672,0.1247516744,3.0
0.276035820803,0.293698349629,0.260283879227,0.0469968130807,0.12298513726,3.0
0.304529541178,0.236929296416,0.0397904371412,0.182471420762,0.236279304503,3.0
0.311589126002,0.351402481871,0.063696300389,0.173775914644,0.0995361770936,3.0
0.220041067282,0.474373359037,0.0671163307038,0.132231231065,0.106238011912,3.0
0.261575954632,0.400795826284,0.0508753278695,0.20229358288,0.0844593083347,3.0
0.216084016725,0.169779906867,0.0213161224536,0.571127349059,0.0216926048948,3.0
0.016934969404,0.861136839559,0.0169414972663,0.0167736478064,0.088213045964,3.0
0.114222284003,0.459369623564,0.155341828561,0.234502006901,0.0365642569709,3.0
0.0252411680296,0.470761449964,0.118202697341,0.362724288506,0.0230703961596,3.0
0.103493064411,0.0409873173113,0.595709420707,0.0484360307323,0.211374166839,3.0
0.228980257603,0.0187633425444,0.180279780347,0.103833319853,0.468143299654,3.0
0.274209233398,0.495817600721,0.0788124121037,0.120971997713,0.0301887560646,3.0
0.254435677004,0.484648171675,0.0256160929591,0.0314649703884,0.203835087973,3.0
0.102802360624,0.0711713331316,0.0121065808834,0.673550924728,0.140368800633,3.0
0.401856419989,0.135417569523,0.0644878526518,0.301560127459,0.0966780303771,3.0
0.116683559839,0.0563494619128,0.491646324653,0.238758389457,0.0965622641384,3.0
0.484103025592,0.116799858518,0.273641422651,0.0,0.125455693239,3.0
0.232944865115,0.266109766714,0.102387781751,0.261546495627,0.137011090792,3.0
0.0137154037872,0.429158633284,0.0134445823195,0.530271027341,0.0134103532679,3.0
0.128647432895,0.553652995691,0.0624523259996,0.0791962672125,0.176050978202,3.0
0.27580922992,0.451860805503,0.0695055895989,0.0420021625811,0.160822212397,3.0
0.188794649184,0.247625612783,0.0175306929531,0.528297711785,0.0177513332946,3.0
0.191709601328,0.0127500387298,0.32597894692,0.0332840741218,0.4362773389,3.0
0.243954488816,0.170390494466,0.0211209336016,0.350130163478,0.214403919638,3.0
0.0768212735198,0.0410203147872,0.193727545554,0.518101289205,0.170329576933,3.0
0.186358645727,0.534003058405,0.0743717507035,0.161058470764,0.044208074401,3.0
0.247304843322,0.0985831059337,0.264312108548,0.112575898403,0.277224043793,3.0
0.0908804226747,0.0,0.302563863445,0.14197216355,0.46458355033,3.0
0.23979465799,0.606586640633,0.0155620304976,0.122483964624,0.0155727062555,3.0
0.054618564031,0.047614439156,0.592161549664,0.0526879520968,0.252917495053,3.0
0.299579269698,0.38596457126,0.0161382031847,0.282338632932,0.0159793229255,3.0
0.113201839043,0.371294790832,0.0125098001279,0.470365760879,0.0326278091182,3.0
0.0769796588765,0.53245157642,0.0338844045179,0.241337321788,0.115347038397,3.0
0.195193553457,0.433086070081,0.173770664732,0.0372501518369,0.160699559894,3.0
0.140730680166,0.290101941071,0.0250667240389,0.316411119548,0.227689535175,3.0
0.0931558301047,0.0,0.256812156652,0.0,0.650032013243,3.0
0.135833904119,0.325518282728,0.0773272559436,0.312501363047,0.148819194162,3.0
0.347768734529,0.262363410488,0.0882762610753,0.157229778929,0.144361814978,3.0
0.0107840010553,0.0605792885425,0.0109515750703,0.433991804068,0.483693331264,3.0
0.19375958186,0.477208785689,0.138027347712,0.13154677906,0.059457505679,3.0
0.0248303702185,0.267147871971,0.0827963194268,0.540790227906,0.0844352104772,3.0
0.109165791484,0.178089957775,0.0,0.566188291467,0.146555959275,3.0
0.0,0.349570407854,0.0,0.095590786031,0.554838806115,3.0
0.24375872287,0.200377813874,0.0,0.555863463256,0.0,3.0
0.292505424359,0.0965610130246,0.319735888251,0.102988166539,0.188209507826,3.0
0.399956419076,0.249817880362,0.0633329686984,0.178382830942,0.108509900923,3.0
0.216449211082,0.0198486326674,0.262445304333,0.0528672969307,0.448389554987,3.0
0.189787130777,0.0613475309757,0.463102764492,0.0757189843811,0.210043589374,3.0
0.405539061013,0.134506480444,0.0870272413631,0.325382821061,0.0475443961183,3.0
0.177150036456,0.158004334552,0.110810874695,0.170827578652,0.383207175645,3.0
0.293149015901,0.171547230086,0.172597654647,0.023980148876,0.338725950491,3.0
0.0520541499204,0.0149796598134,0.666294567849,0.11471364303,0.151957979387,3.0
0.106905787947,0.340240345359,0.0930142988473,0.301068251009,0.158771316838,3.0
0.0967021796463,0.279591490877,0.0681318493177,0.402864712646,0.152709767513,3.0
0.748112825348,0.0251489535422,0.176363622884,0.025128075723,0.0252465225033,3.0
0.545815251212,0.100732400599,0.0,0.302282564238,0.0511697839509,3.0
0.175960324226,0.0942825772775,0.188276302837,0.0902990904088,0.451181705251,3.0
0.0516164125271,0.0545501067676,0.421006677559,0.285362247996,0.187464555151,3.0
0.224879927718,0.56930274059,0.0192554505711,0.14355208645,0.0430097946707,3.0
0.0956712303215,0.119915879629,0.217520512537,0.143303560768,0.423588816745,3.0
0.104164764813,0.357517428802,0.0387593440223,0.375900911784,0.123657550579,3.0
0.341114860797,0.171451642124,0.259084375139,0.0746066901917,0.153742431749,3.0
0.245342539946,0.260893523902,0.05795231681,0.361961435896,0.0738501834466,3.0
0.097944847113,0.563023867371,0.0,0.328917443413,0.0101138421035,3.0
0.136798701692,0.524874128152,0.0784783171249,0.0773491906165,0.182499662414,3.0
0.015008380763,0.221709890433,0.504407593706,0.112419397405,0.146454737694,3.0
0.159165920804,0.219636566999,0.127007505704,0.406389113903,0.0878008925895,3.0
0.0959477766089,0.608200154357,0.0645509996851,0.170117189632,0.0611838797172,3.0
0.0849059697071,0.382736882387,0.017960496762,0.297334657682,0.217061993462,3.0
0.15057932854,0.0915042766717,0.331939190688,0.0946471381278,0.331330065973,3.0
0.389362475909,0.156835916765,0.130994676866,0.228377031121,0.0944298993391,3.0
0.209181195393,0.316596289975,0.0665977825173,0.0643398326661,0.343284899448,3.0
0.0688318481709,0.596595037551,0.0861844151496,0.227995590734,0.0203931083945,3.0
0.300057905176,0.401104514157,0.0258263252581,0.0871970888384,0.18581416657,3.0
0.143027791974,0.534986194221,0.0128304760105,0.170463720926,0.138691816868,3.0
0.252346432629,0.307921791046,0.0875135964551,0.14895653257,0.203261647301,3.0
0.227811171317,0.313506720173,0.0667392067959,0.325955210296,0.0659876914177,3.0
0.12193610526,0.208965177524,0.427245167406,0.0746888740877,0.167164675722,3.0
0.297037129828,0.22641139769,0.276522394134,0.0858017506946,0.114227327653,3.0
0.596526246978,0.213720330193,0.0668788696445,0.103532181154,0.0193423720302,3.0
0.143546995004,0.5502893784,0.103466789328,0.149573857969,0.0531229792992,3.0
0.258640614359,0.0155619241191,0.373822658785,0.0866643513657,0.26531045137,3.0
0.0947126738691,0.354028746123,0.235408243724,0.0583686299682,0.257481706316,3.0
0.391851173577,0.0364076874394,0.0358741777464,0.238498005386,0.297368955852,3.0
0.182356822315,0.405254725102,0.127900699538,0.16926717897,0.115220574075,3.0
0.160267617769,0.364243269947,0.0579464614334,0.272662789482,0.144879861368,3.0
0.18380294839,0.328969758428,0.139548321372,0.292230638409,0.055448333401,3.0
0.0942543146619,0.0272192320416,0.394233688682,0.0275078164124,0.456784948202,3.0
0.0106798493211,0.215600272351,0.209057681684,0.162989036137,0.401673160506,3.0
0.211452006888,0.351154132811,0.137883375424,0.192761670687,0.10674881419,3.0
0.326474788715,0.0163132933488,0.187348239866,0.121741849042,0.348121829028,3.0
0.260725306119,0.375025170407,0.0869328984198,0.203871105777,0.0734455192766,3.0
0.119162048967,0.396781019679,0.0853076989883,0.335809348431,0.0629398839351,3.0
0.274143014394,0.0175859855997,0.578258135158,0.04003774866,0.0899751161882,3.0
0.433955425293,0.23912653908,0.062337787195,0.238991769516,0.0255884789157,3.0
0.17037834254,0.0579466705056,0.39693892928,0.0418818970312,0.332854160643,3.0
0.248501219198,0.397571747997,0.0693287432903,0.257081585397,0.0275167041178,3.0
0.248756075743,0.261764931679,0.210893734854,0.19272890865,0.0858563490733,3.0
0.597666563057,0.100486421247,0.100469885619,0.101369859434,0.100007270643,3.0
0.117410335865,0.470538374259,0.184738905774,0.193648436726,0.0336639473767,3.0
0.226028140896,0.340405388316,0.109069956561,0.222605320313,0.101891193914,3.0
0.195713193281,0.480053960409,0.0897959714005,0.128506017359,0.105930857551,3.0
0.0891240461858,0.328492250801,0.057996777124,0.304519973883,0.219866952006,3.0
0.249148131515,0.247209222205,0.189767205068,0.29235809289,0.0215173483214,3.0
0.24689255665,0.0187705385894,0.414616762396,0.180091480161,0.139628662204,3.0
0.159480961479,0.150568151195,0.0238837663508,0.587187702336,0.0788794186396,3.0
0.211242644653,0.356551790449,0.165917778653,0.205622445248,0.0606653409974,3.0
0.329602207063,0.134812105409,0.118446119651,0.417139567876,0.0,3.0
0.189189308496,0.373877780267,0.0656441203613,0.275555644665,0.0957331462094,3.0
0.633545280946,0.0120212972711,0.182463230333,0.0119187293819,0.160051462068,3.0
0.158401258927,0.0343932227285,0.429896812348,0.258424235198,0.118884470799,3.0
0.217829230399,0.224516441737,0.0322545326661,0.463563150625,0.0618366445735,3.0
0.215483691527,0.15301685236,0.445532937211,0.138268615975,0.0476979029268,3.0
0.184920716777,0.142819042807,0.20972051212,0.241114504036,0.221425224261,3.0
0.261889534376,0.469775158423,0.0288096407707,0.18335451364,0.0561711527903,3.0
0.0819443896048,0.585884207536,0.0724536310614,0.0710937419579,0.18862402984,3.0
0.206541933393,0.548811365405,0.0454453712595,0.0336494265422,0.1655519034,3.0
0.122132573325,0.52900062821,0.0262641891121,0.179241522795,0.143361086558,3.0
0.0932282767947,0.234942303112,0.0920913371793,0.468605367953,0.111132714961,3.0
0.383053934307,0.233348101193,0.00936990972883,0.351987958188,0.0222400965837,3.0
0.0746094177194,0.358259931844,0.121484140478,0.405613211981,0.0400332979773,3.0
0.339313286327,0.281721917539,0.152893132261,0.143596010247,0.0824756536265,3.0
0.206741273031,0.304505082679,0.0544068760006,0.409278205208,0.0250685630817,3.0
0.211389107025,0.337228039325,0.0442474108707,0.220803278787,0.186332163992,3.0
0.0969960487947,0.323608380523,0.353556576001,0.157235264559,0.068603730122,3.0
0.170334758525,0.280736885269,0.122697592155,0.392655674055,0.0335750899952,3.0
0.713079472004,0.108154856208,0.0149472641486,0.0590871772903,0.104731230349,3.0
0.652788327751,0.0536576598627,0.0535249770675,0.0540234053047,0.186005630014,3.0
0.246444180674,0.17999719928,0.0858212770754,0.403542711625,0.084194631345,3.0
0.198610050637,0.0785009260783,0.52039423371,0.0213111191104,0.181183670465,3.0
0.0220494960448,0.379812330312,0.0889922758529,0.396337666434,0.112808231356,3.0
0.0890720772782,0.424687087563,0.0199586351184,0.317973097774,0.148309102267,3.0
0.097161848297,0.0718418509089,0.686573582092,0.0909394335702,0.0534832851318,3.0
0.156487353578,0.443821584065,0.0183482830795,0.204369352475,0.176973426803,3.0
0.0124722298577,0.493925850189,0.0122090209759,0.429597837328,0.0517950616495,3.0
0.32773619561,0.0,0.346475700075,0.0385916475969,0.287196456718,3.0
0.332519035166,0.225350647672,0.0900501382567,0.19057230149,0.161507877416,3.0
0.041777062165,0.415605142835,0.332130201479,0.104934175821,0.1055534177,3.0
0.580560664472,0.30760318893,0.0,0.0,0.111836146598,3.0
0.354188810102,0.393949324019,0.0356392465435,0.161563143752,0.054659475584,3.0
0.17216005454,0.00365875320618,0.589414997392,0.0954933379087,0.139272856953,3.0
0.447541742349,0.097719185312,0.222426839552,0.191277231523,0.041035001265,3.0
0.0500206629774,0.103080248829,0.33326245602,0.0999120529265,0.413724579247,3.0
0.103918050505,0.813476147279,0.0109152558842,0.0555692099249,0.0161213364063,3.0
0.075580660963,0.657136589304,0.0257196349104,0.160675545823,0.0808875689995,3.0
0.0672119144931,0.549654314281,0.0773143889103,0.263433906903,0.0423854754122,3.0
0.0437619019946,0.0355490471355,0.661147731377,0.134427341073,0.125113978419,3.0
0.112336898127,0.436075602773,0.0523705462003,0.359875603962,0.039341348937,3.0
0.388170745776,0.0908455211238,0.115092823437,0.127797474025,0.278093435638,3.0
0.163672571728,0.0585699861184,0.124952623218,0.43234161077,0.220463208166,3.0
0.0710805729091,0.470036129433,0.00553877413792,0.187169799067,0.266174724453,3.0
0.454922506674,0.0179962457148,0.0561910191898,0.119929293469,0.350960934953,3.0
0.342906014758,0.257947248287,0.0378905857119,0.280109711787,0.0811464394556,3.0
0.106852395091,0.569820295461,0.100202808934,0.1025363454,0.120588155114,3.0
0.00418279888002,0.107459482736,0.0587273996265,0.669552561597,0.16007775716,3.0
0.137687726493,0.0,0.0845036200058,0.311779394249,0.466029259252,3.0
0.176712432157,0.466014098555,0.0264921018277,0.217132685135,0.113648682326,3.0
0.0334665750498,0.399688871592,0.200998757974,0.330995371384,0.0348504240006,3.0
0.117010706189,0.23167735626,0.0889490174007,0.526733391972,0.0356295281789,3.0
0.134015555332,0.679800023974,0.0237258604055,0.0745974082461,0.0878611520428,3.0
0.302812190258,0.42966042548,0.0685831947877,0.0432678165129,0.155676372961,3.0
0.0,0.233030696819,0.118740032912,0.0,0.648229270269,3.0
0.196200369627,0.387764460178,0.0649172650643,0.253779268601,0.0973386365292,3.0
0.00646108378849,0.40946158954,0.242933118107,0.312857568956,0.0282866396081,3.0
0.255905950221,0.0987816461204,0.0557589512364,0.517703600792,0.0718498516304,3.0
0.0120004569992,0.0120511015569,0.733843553183,0.133255649822,0.108849238439,3.0
0.097818226617,0.0284031988811,0.615920523896,0.0714623247095,0.186395725897,3.0
0.116431932205,0.104335039856,0.0609849197744,0.626944280051,0.0913038281129,3.0
0.206082673723,0.37273160594,0.102032674686,0.201535747269,0.117617298383,3.0
0.341711875868,0.00931609132457,0.0735998206574,0.156180156823,0.419192055327,3.0
0.483530323319,0.0130456419787,0.148851470909,0.193338488297,0.161234075497,3.0
0.226321777982,0.309582379703,0.0849382861023,0.282103186073,0.0970543701387,3.0
0.465535446877,0.157367778099,0.0660736137803,0.131809195813,0.17921396543,3.0
0.426674294796,0.030333134011,0.405830132826,0.0475074866261,0.0896549517414,3.0
0.185565093818,0.562248979682,0.0624006067996,0.0922175643963,0.0975677553039,3.0
0.258003233926,0.0261548767974,0.0257066095002,0.664675549061,0.0254597307148,3.0
0.244645295653,0.25401287437,0.148108800926,0.168061576105,0.185171452946,3.0
0.219444074896,0.0539057248436,0.326002032463,0.164724682615,0.235923485182,3.0
0.300157089703,0.263391623854,0.129141222326,0.163163268706,0.144146795411,3.0
0.0184042902203,0.0182400383139,0.184333605486,0.760686509452,0.018335556528,3.0
0.14804804627,0.552496904046,0.203930107259,0.0441739991921,0.0513509432339,3.0
