@relation lda

@attribute topic0 numeric
@attribute topic1 numeric
@attribute topic2 numeric
@attribute topic3 numeric
@attribute topic4 numeric
@attribute classLabel {1.0, 2.0, 3.0, 4.0}
@data
0.0286194360276,0.0291330782169,0.468183673831,0.029276073673,0.444787738251,1.0
0.0185258620243,0.018589519642,0.0183234553597,0.0185058336769,0.926055329297,1.0
0.0,0.0,0.433325951978,0.0610069318129,0.505667116209,1.0
0.0961455748768,0.48443947742,0.0843312288722,0.0964369854309,0.2386467334,1.0
0.0,0.0,0.566914177134,0.0,0.433085822866,1.0
0.0185163150132,0.571275780544,0.0183095323335,0.0878308576186,0.304067514491,1.0
0.013403580196,0.325653271918,0.0134006398948,0.535682205362,0.111860302629,1.0
0.0253056790104,0.025210346657,0.246378644508,0.243579568782,0.459525761042,1.0
0.0157112411305,0.0155134318156,0.0155222640059,0.459444507276,0.493808555772,1.0
0.0118654493628,0.382650296219,0.0119515927503,0.411443212654,0.182089449013,1.0
0.364654264908,0.322871675101,0.131102255517,0.0573313930536,0.12404041142,1.0
0.0133096634919,0.282330264054,0.0446667621909,0.347846555736,0.311846754527,1.0
0.292671626112,0.0170213093568,0.121683542452,0.156131774886,0.412491747193,1.0
0.159846893549,0.0,0.0,0.359443022166,0.480710084285,1.0
0.0,0.421362131754,0.346047141702,0.0971370968521,0.135453629691,1.0
0.0,0.0,0.554922825855,0.0,0.445077174145,1.0
0.0975680675324,0.0113074163097,0.449329476593,0.0112793074772,0.430515732088,1.0
0.106135767831,0.0995877001433,0.173435696044,0.0421299662083,0.578710869774,1.0
0.0500604361582,0.0502336003911,0.0505010644523,0.0507377098469,0.798467189152,1.0
0.104418447553,0.200744398196,0.305754312636,0.241569901153,0.147512940462,1.0
0.424457862339,0.225628546007,0.10132084109,0.12156249457,0.127030255994,1.0
0.137362327209,0.579313047136,0.0138207122514,0.0138971174409,0.255606795963,1.0
0.0,0.289525687046,0.268473802364,0.44200051059,0.0,1.0
0.468547682517,0.479917951331,0.0170932842704,0.0173263056602,0.0171147762206,1.0
0.0112346381077,0.333737436154,0.0517344022736,0.536741582464,0.066551941001,1.0
0.0,0.49152171281,0.0585125559468,0.127894549393,0.32207118185,1.0
0.029386409183,0.0289738596165,0.0290598361392,0.0291805121184,0.883399382943,1.0
0.165042536503,0.192104310863,0.017726566962,0.357019708352,0.26810687732,1.0
0.164511229986,0.00913552781771,0.186619038262,0.0534225441121,0.586311659822,1.0
0.0436517439924,0.389947136597,0.0,0.566401119411,0.0,1.0
0.0260829438644,0.664011229054,0.0891192766248,0.153741400394,0.0670451500626,1.0
0.251957703418,0.307531093012,0.394710914703,0.0226483588991,0.0231519299684,1.0
0.0,0.0,0.294665041985,0.0,0.705334958015,1.0
0.0222520050772,0.161893844814,0.149879701209,0.0231720891017,0.642802359798,1.0
0.103180207592,0.102176792398,0.103132309863,0.587831850718,0.103678839429,1.0
0.0653550332433,0.182531828281,0.126743266046,0.451690839395,0.173679033034,1.0
0.289544655625,0.0231424345471,0.0223042417251,0.64196163873,0.0230470293732,1.0
0.0189664097933,0.323272787475,0.0190531965362,0.455275411606,0.183432194589,1.0
0.282614007544,0.0168566772047,0.0171464444303,0.017039317048,0.666343553773,1.0
0.01844849768,0.0185077384863,0.0185734297382,0.446291018083,0.498179316013,1.0
0.32028996515,0.0257616739829,0.0258308093665,0.0259958655195,0.602121685982,1.0
0.150699465612,0.0224896238942,0.0230551972081,0.0228790267168,0.780876686569,1.0
0.450074899124,0.0106762143248,0.0108512331251,0.145562861365,0.382834792062,1.0
0.0288268999804,0.0289970414329,0.0289692230982,0.883193867754,0.0300129677348,1.0
0.267294186476,0.0836897378063,0.0106213506214,0.306697040396,0.331697684701,1.0
0.319974624109,0.0120076546227,0.0119081905974,0.453495924639,0.202613606032,1.0
0.213090383992,0.0145058110194,0.0840066596176,0.175373972565,0.513023172806,1.0
0.0,0.294257625777,0.318008526817,0.108758836307,0.278975011099,1.0
0.0668529794473,0.26913297697,0.0669924546972,0.0669643100747,0.530057278811,1.0
0.499666789778,0.0250453463271,0.0252792515535,0.424793957177,0.0252146551644,1.0
0.75451657988,0.0155394737865,0.0155858003944,0.0159611222215,0.198397023717,1.0
0.024622791004,0.0245516629702,0.395205444055,0.0573127603014,0.49830734167,1.0
0.119366269794,0.0304777201535,0.0459652595069,0.101365654957,0.702825095589,1.0
0.0340141999795,0.0339391528352,0.431952973637,0.0337316427024,0.466362030846,1.0
0.231283247812,0.273115894718,0.213142472196,0.257151053098,0.0253073321754,1.0
0.380147729189,0.0336423343377,0.0334342929729,0.0339058210429,0.518869822458,1.0
0.201635935734,0.0159508013124,0.419425400707,0.0159361588195,0.347051703428,1.0
0.218145866218,0.013443684462,0.160403876171,0.526850478627,0.0811560945215,1.0
0.076510347096,0.174894988699,0.122174603961,0.371951657299,0.254468402946,1.0
0.0,0.0,0.0,0.831596863141,0.168403136859,1.0
0.0600178639991,0.116950911212,0.272375768006,0.118359955035,0.432295501748,1.0
0.0890334649051,0.0183677328868,0.211631147117,0.162020765695,0.518946889396,1.0
0.0464167448242,0.242452772601,0.221686557098,0.293447183419,0.195996742059,1.0
0.194962904874,0.0544103371654,0.75062675796,0.0,0.0,1.0
0.23885616058,0.0,0.0,0.506663972589,0.254479866831,1.0
0.116091374618,0.0165985531645,0.179366481921,0.534716573519,0.153227016778,1.0
0.0645090001463,0.377607931169,0.158065278896,0.227831020636,0.171986769153,1.0
0.0502662577234,0.0506058424763,0.170461663531,0.382072976493,0.346593259776,1.0
0.0181906709699,0.0179582105018,0.551423912926,0.139231669739,0.273195535863,1.0
0.0,0.0,0.43039347139,0.165220444631,0.404386083978,1.0
0.0,0.0,0.225740008552,0.524931141555,0.249328849893,1.0
0.135199827312,0.0312225058404,0.0833558037965,0.403775734507,0.346446128543,1.0
0.128000046439,0.0705895568509,0.108516065145,0.508975617154,0.18391871441,1.0
0.164318712409,0.0195031902355,0.0853820732196,0.0305352365676,0.700260787568,1.0
0.100000007152,0.100000005148,0.100000006936,0.599997292492,0.100002688272,1.0
0.0429538361135,0.0420956358234,0.0420167930338,0.50008864547,0.372845089559,1.0
0.0518969036525,0.00720168632755,0.0946304142093,0.00718137373886,0.839089622072,1.0
0.0127951323947,0.0127760361108,0.0129014582497,0.302431565785,0.65909580746,1.0
0.0338825960181,0.222447443572,0.0334009473718,0.0344702800628,0.675798732975,1.0
0.124073335328,0.0119084538824,0.325154233698,0.0122730881,0.526590888992,1.0
0.0400000535012,0.0405146781451,0.838369014325,0.0400180387842,0.0410982152445,1.0
0.0589696871422,0.226942330373,0.160456857064,0.261269931555,0.292361193865,1.0
0.373224525225,0.0225606780668,0.0226154475613,0.558638329783,0.0229610193636,1.0
0.110165533748,0.0,0.286169747898,0.177966790405,0.425697927949,1.0
0.200883150316,0.350237207665,0.0183402333142,0.0185871074998,0.411952301205,1.0
0.153839438346,0.0100813527413,0.0101578399703,0.458369821156,0.367551547786,1.0
0.0889434328208,0.0,0.0,0.585248247565,0.325808319614,1.0
0.223563456561,0.0102649193745,0.0100699574414,0.550803928807,0.205297737816,1.0
0.033938832936,0.590904644291,0.0337440428002,0.0340845221659,0.307327957807,1.0
0.0126022569952,0.0128058141745,0.683570402588,0.278092027779,0.0129294984635,1.0
0.0,0.0,0.639930865346,0.0,0.360069134654,1.0
0.0160306749589,0.368752559012,0.582781118183,0.0160664042863,0.0163692435602,1.0
0.0500817031613,0.0506711790502,0.0502070984675,0.798302302256,0.0507377170645,1.0
0.127281520771,0.0157069584123,0.247940202013,0.254009701411,0.355061617393,1.0
0.0,0.0,0.274219748089,0.180807923501,0.54497232841,1.0
0.0126930084701,0.0126566268389,0.499519850148,0.0126305946932,0.46249991985,1.0
0.132187239783,0.460678650653,0.0869767838824,0.075433310165,0.244724015517,1.0
0.0,0.179125558137,0.181868826199,0.134982916274,0.50402269939,1.0
0.013684124538,0.115197221496,0.013535510875,0.275653837664,0.581929305427,1.0
0.0,0.263868736491,0.331508162367,0.0,0.404623101142,1.0
0.0529825049926,0.0526386137276,0.0525117075143,0.78863607138,0.0532311023855,1.0
0.245733061223,0.0227803331906,0.197618551096,0.0225717386158,0.511296315875,1.0
0.11644272337,0.0100910638578,0.301329327222,0.561938822011,0.0101980635397,1.0
0.108033679154,0.262479870251,0.0251386635147,0.0256750661961,0.578672720884,1.0
0.161622137177,0.348231182217,0.0304864170283,0.0303902585844,0.429270004994,1.0
0.22305079878,0.0,0.133611666333,0.373071270912,0.270266263975,1.0
0.839603918549,0.040037100186,0.0400976585085,0.040061318758,0.0402000039979,1.0
0.0198791344437,0.687205389882,0.0198966305752,0.209120016325,0.0638988287744,1.0
0.0305847831398,0.444882010444,0.120201973041,0.0883817571951,0.31594947618,1.0
0.0913368131946,0.0773325129434,0.263884735691,0.207952020439,0.359493917731,1.0
0.0,0.574590025766,0.0,0.425409974234,0.0,1.0
0.0,0.0,0.0,0.0,1.0,1.0
0.099857439404,0.370286259524,0.102008910127,0.326791965015,0.10105542593,1.0
0.025854746121,0.0252798375027,0.0250623912874,0.214606364088,0.709196661,1.0
0.177325145382,0.179252120998,0.0204030629871,0.189964513035,0.433055157598,1.0
0.0168378212041,0.0170743910515,0.0170580686891,0.517242306738,0.431787412317,1.0
0.0120327191709,0.0123590817683,0.239223684473,0.341546477976,0.394838036612,1.0
0.0984329181301,0.139316309454,0.0134765369463,0.0136321254358,0.735142110034,1.0
0.0182766274175,0.214000926842,0.232714967363,0.203385144586,0.331622333791,1.0
0.0167404331987,0.1999729648,0.0168202915659,0.0171196178007,0.749346692635,1.0
0.0,0.0,0.753702744753,0.0,0.246297255247,1.0
0.0103709614899,0.524022710678,0.010306861636,0.230626147977,0.224673318219,1.0
0.0,0.681164910477,0.0950670290919,0.0,0.223768060431,1.0
0.256072630854,0.0226239629037,0.0226281067935,0.022950809741,0.675724489708,1.0
0.06860467348,0.00460949136663,0.396338182715,0.0376135179537,0.492834134485,1.0
0.0285788096509,0.0281227337387,0.10082571268,0.169093302455,0.673379441476,1.0
0.0227607583542,0.0224773343779,0.0223655444516,0.909541431563,0.022854931253,1.0
0.142544641262,0.262333545172,0.0143943126278,0.315473959602,0.265253541336,1.0
0.0,0.0831605311485,0.0,0.494362880186,0.422476588666,1.0
0.192703786614,0.186361149642,0.00840337303897,0.0991121917745,0.513419498931,1.0
0.00833792330587,0.434665683907,0.00870699758313,0.364012905258,0.184276489946,1.0
0.0537541765021,0.238990690941,0.218801065622,0.0541742345428,0.434279832391,1.0
0.277224072292,0.0288795443301,0.63566420922,0.0288962525198,0.0293359216377,1.0
0.299918144129,0.0258917507409,0.0250435167011,0.0261426878835,0.623003900545,1.0
0.0126026652331,0.114033790357,0.0125694213218,0.262419339593,0.598374783495,1.0
0.0,0.0,0.684461293295,0.0883427971285,0.227195909576,1.0
0.0,0.499552160122,0.0,0.185714212647,0.314733627231,1.0
0.305579160599,0.587327206967,0.0204142282734,0.0207045756854,0.0659748284758,1.0
0.834337417833,0.0405272839567,0.0403157677485,0.0417064338211,0.0431130966409,1.0
0.0755653580444,0.257133316785,0.49468926342,0.0,0.172612061752,1.0
0.102780976351,0.18742699477,0.0960429276481,0.0791911891593,0.534557912071,1.0
0.097644493907,0.375667955055,0.0125620088172,0.50129688685,0.0128286553703,1.0
0.121270466761,0.0,0.151968517758,0.684194902966,0.0425661125146,1.0
0.0127371093376,0.218158828218,0.206463846419,0.549968835161,0.0126713808648,1.0
0.147632567122,0.0424517676996,0.370923351859,0.125009873995,0.313982439325,1.0
0.0170601645868,0.0171549440611,0.588439062926,0.0782758038199,0.299070024606,1.0
0.121128587673,0.0719320917591,0.658478685745,0.126371100927,0.022089533896,2.0
0.0143041643761,0.400123424999,0.0143752240795,0.456911528436,0.11428565811,2.0
0.0399038159004,0.0,0.367083118605,0.31183371589,0.281179349604,2.0
0.30920722919,0.0225790837646,0.0227231621486,0.351115000444,0.294375524453,2.0
0.00674914924354,0.26637082503,0.461140941731,0.0527056662451,0.213033417751,2.0
0.28255202,0.0,0.0,0.0,0.71744798,2.0
0.0343798956777,0.00560143604638,0.576420475524,0.112955636902,0.27064255585,2.0
0.207970422854,0.514332238836,0.0663076938873,0.0980227180274,0.113366926395,2.0
0.445157586282,0.403317714863,0.0500000073459,0.0515246833135,0.0500000081955,2.0
0.167610789009,0.204070149134,0.240688217833,0.232316254635,0.15531458939,2.0
0.156673651333,0.131783931854,0.0582936049712,0.200376961951,0.452871849891,2.0
0.0159966674693,0.413172763297,0.0159254625334,0.440355433088,0.114549673612,2.0
0.00959697769624,0.411721396807,0.00945198686742,0.169494134476,0.399735504154,2.0
0.364739769833,0.271213248288,0.0638429570767,0.20768773441,0.0925162903915,2.0
0.0227699238959,0.0229538331006,0.496264672819,0.286632750351,0.171378819834,2.0
0.079883652013,0.0366573901154,0.0475617488976,0.676968692469,0.158928516505,2.0
0.0333527778723,0.356074526638,0.0336569291989,0.541230965987,0.0356848003033,2.0
0.456785736211,0.194959863812,0.0135678082967,0.27167655573,0.0630100359496,2.0
0.248195760656,0.0471689484952,0.461739260615,0.0,0.242896030234,2.0
0.0932182534211,0.030559420628,0.223562755559,0.00693624796335,0.645723322429,2.0
0.370545226672,0.0289566077591,0.292407902753,0.0295938966056,0.278496366211,2.0
0.108400892515,0.0746474160003,0.199983321237,0.31313737096,0.303830999287,2.0
0.0,0.655046172178,0.0,0.244457491628,0.100496336194,2.0
0.0255977742679,0.0256659735361,0.326836271896,0.59601492496,0.0258850553395,2.0
0.110509714426,0.0578345801777,0.342384345138,0.0503529154427,0.438918444815,2.0
0.0135126099986,0.329235268311,0.283821897328,0.0134742490793,0.359955975284,2.0
0.0,0.801558553911,0.0,0.198441446089,0.0,2.0
0.0914544787928,0.287515649803,0.032562608293,0.557493385841,0.03097387727,2.0
0.182285914142,0.0851955967951,0.0398012196089,0.437677760115,0.255039509339,2.0
0.238103519094,0.296857594577,0.15747626481,0.104202152836,0.203360468683,2.0
0.21690950163,0.128564280772,0.360409156996,0.0584950334898,0.235622027112,2.0
0.272017510997,0.233035747125,0.0480044988479,0.359530425697,0.0874118173337,2.0
0.209511631577,0.16994063842,0.0,0.551059067116,0.0694886628873,2.0
0.170616035424,0.0619580577834,0.472603695638,0.0782171225719,0.216605088583,2.0
0.0858115573335,0.36049281142,0.0197669496303,0.51399896133,0.0199297202861,2.0
0.18267306377,0.144145748528,0.374974689941,0.134060470517,0.164146027244,2.0
0.059533766351,0.502316222526,0.22191136681,0.0524222904106,0.163816353902,2.0
0.171353715846,0.445192046426,0.00297147785852,0.377465822988,0.00301693688097,2.0
0.330764053957,0.0342695001628,0.205502666053,0.395736653191,0.0337271266351,2.0
0.491738262569,0.107051199627,0.0514641516455,0.156979129039,0.192767257119,2.0
0.0981720777961,0.0163118835256,0.533579526097,0.120021551969,0.231914960612,2.0
0.0157656520762,0.350331719977,0.0158317883515,0.442729971965,0.17534086763,2.0
0.303333421577,0.195425432328,0.25174672274,0.157761394158,0.0917330291966,2.0
0.0368570033342,0.114779275928,0.488055284135,0.0505377791545,0.309770657448,2.0
0.215668125142,0.318146036597,0.0172655174563,0.394070860274,0.0548494605301,2.0
0.444657143005,0.0998560726702,0.088849320021,0.181305877213,0.185331587091,2.0
0.242581734174,0.185032270874,0.0147152749598,0.486165492088,0.0715052279052,2.0
0.00575494630703,0.29030528807,0.215040937741,0.334145719196,0.154753108687,2.0
0.36496284021,0.00979369542497,0.140813145106,0.00973829562451,0.474692023635,2.0
0.377195697557,0.0,0.0,0.525474960538,0.0973293419056,2.0
0.116577693959,0.157811736654,0.41392052609,0.0556444369026,0.256045606395,2.0
0.0168765974703,0.127897974686,0.0167464424973,0.0168131172079,0.821665868138,2.0
0.0067537968344,0.00674322276734,0.586698691335,0.00684210154396,0.392962187519,2.0
0.14451975102,0.12490962441,0.0136724673638,0.314085149546,0.402813007661,2.0
0.20428290045,0.00680566224827,0.281657343148,0.0241062856875,0.483147808467,2.0
0.022601507619,0.0224111199064,0.0223914922491,0.910273201607,0.0223226786181,2.0
0.208949439669,0.0250262667644,0.168959877954,0.247567202618,0.349497212995,2.0
0.204415969911,0.0544162252499,0.159327876425,0.411258094466,0.170581833947,2.0
0.0,0.14442703075,0.462835786343,0.0,0.392737182907,2.0
0.0,1.0,0.0,0.0,0.0,2.0
0.204777689179,0.045028501899,0.605167398184,0.0451717126232,0.0998546981149,2.0
0.298702492273,0.0121497116847,0.106567154129,0.0903704738988,0.492210168015,2.0
0.168362264506,0.297369332924,0.150521717637,0.0,0.383746684932,2.0
0.113871118513,0.475751518243,0.0860420006368,0.117390882582,0.206944480025,2.0
0.107409178576,0.0207195155982,0.694928926487,0.15601636491,0.0209260144285,2.0
0.131637161986,0.326709973615,0.203089481556,0.251292965977,0.0872704168663,2.0
0.400499739147,0.145204084433,0.128206355289,0.250324278822,0.0757655423096,2.0
0.0,0.0685646880329,0.424766904273,0.249404683539,0.257263724156,2.0
0.249724335296,0.457604905679,0.0187630026214,0.221735268897,0.0521724875058,2.0
0.00321926093066,0.00329607963844,0.270199105222,0.169666362859,0.55361919135,2.0
0.37033100944,0.179354992536,0.300313239113,0.0248766779572,0.125124080953,2.0
0.0612958063719,0.00852512005449,0.305020780075,0.207695626368,0.41746266713,2.0
0.0524141891725,0.0212789671626,0.305567130635,0.00829945286377,0.612440260166,2.0
0.394603850221,0.0,0.407166981826,0.0,0.198229167953,2.0
0.0,0.655704152502,0.195141692609,0.0,0.149154154888,2.0
0.410626588823,0.0144941057113,0.014417057731,0.014726370543,0.545735877191,2.0
0.0215894246843,0.0839437265605,0.810353589773,0.0626635322575,0.0214497267245,2.0
0.144383317229,0.0901170666796,0.295478582259,0.26954890631,0.200472127522,2.0
0.523075805343,0.0443912298376,0.113516869384,0.0445657652646,0.274450330171,2.0
0.0178449940611,0.031282875616,0.135778307835,0.30829693888,0.506796883607,2.0
0.0335873766922,0.0337809816406,0.421347846173,0.0349471570451,0.476336638449,2.0
0.362004664994,0.0140646024716,0.0135047563035,0.373945893634,0.236480082597,2.0
0.174920153176,0.141494319001,0.22306033835,0.327187538701,0.133337650771,2.0
0.0108339412618,0.010830344077,0.3797627884,0.345379932539,0.253192993723,2.0
0.0,0.16701978054,0.543362127004,0.289618092456,0.0,2.0
0.0104522849832,0.814086496969,0.154693079485,0.0103045249354,0.0104636136274,2.0
0.186983688876,0.337891788266,0.0924515275052,0.291328636342,0.0913443590107,2.0
0.154125363369,0.502050526826,0.135237199322,0.064087722211,0.144499188272,2.0
0.0630686542714,0.407800417431,0.146117154721,0.211739884904,0.171273888673,2.0
0.394575062213,0.0164642433136,0.178188984443,0.241487059235,0.169284650796,2.0
0.22707369417,0.101324832261,0.0947860970776,0.415551843402,0.161263533089,2.0
0.0333333474378,0.0334539232455,0.691112289471,0.0333738467789,0.208726593067,2.0
0.0,0.241439862452,0.0,0.702350573817,0.0562095637309,2.0
0.224633798472,0.164209280322,0.06367127563,0.248754762182,0.298730883394,2.0
0.107109673198,0.146415533399,0.60748448516,0.0142877941393,0.124702514104,2.0
0.0147895126354,0.941448168015,0.0145701344223,0.0145844919296,0.0146076929973,2.0
0.0328428939645,0.372935270176,0.0265778221566,0.484389164044,0.0832548496586,2.0
0.0958455329443,0.0182262468494,0.586643451239,0.0,0.299284768967,2.0
0.239265329415,0.00386678718801,0.47553471556,0.0583365373168,0.22299663052,2.0
0.0775842955882,0.652624921133,0.0262200030291,0.114404173365,0.129166606885,2.0
0.0609383829714,0.318809533092,0.0319312915544,0.504170534162,0.0841502582204,2.0
0.115393359436,0.0753963732479,0.0827291823668,0.458724487126,0.267756597823,2.0
0.0209309258603,0.0203632266266,0.0203399458328,0.0209493842719,0.917416517408,2.0
0.0397963501105,0.437204247499,0.00373969149503,0.404764714199,0.114494996697,2.0
0.0,0.391622467492,0.0,0.608377532508,0.0,2.0
0.4105966551,0.0615032186392,0.10980441132,0.0716516314969,0.346444083444,2.0
0.0223031658629,0.0225092638188,0.0225094762384,0.639160179357,0.293517914723,2.0
0.18888363808,0.157635609719,0.0767957326958,0.278379802383,0.298305217122,2.0
0.0046040854123,0.00458448753081,0.00456735847737,0.886824950403,0.0994191181762,2.0
0.215171692791,0.0148202361831,0.149851263189,0.199909812197,0.420246995639,2.0
0.215378026271,0.0258984202523,0.0814096253298,0.518505157683,0.158808770464,2.0
0.149426324075,0.0207820174696,0.322797572305,0.0478503517067,0.459143734443,2.0
0.247161144321,0.0166187728639,0.0978978698492,0.304801636038,0.333520576927,2.0
0.144424899565,0.462951829692,0.0491585181607,0.219182513293,0.124282239289,2.0
0.0500000168253,0.0501533218686,0.494631802015,0.0500062219007,0.355208637391,2.0
0.0842937842471,0.00344101344752,0.262050501158,0.53083144385,0.119383257298,2.0
0.450867511252,0.0140000183231,0.122567137769,0.108401833432,0.304163499224,2.0
0.14606249798,0.393312800064,0.109593308239,0.211092392208,0.13993900151,2.0
0.270567799768,0.152221526832,0.138383161194,0.349624744686,0.0892027675209,2.0
0.138134885456,0.0337138572468,0.0334169305777,0.0328394984807,0.761894828239,2.0
0.15453523228,0.660138206017,0.0997494120566,0.0830302339664,0.00254691568012,2.0
0.110122143196,0.308966374714,0.0353165526111,0.427141408393,0.118453521087,2.0
0.179973978615,0.202596984431,0.171969219783,0.330073802504,0.115386014667,2.0
0.211611783005,0.492429464409,0.00584715005586,0.129816044363,0.160295558167,2.0
0.202263073508,0.425402019123,0.0171903968181,0.236077344643,0.119067165909,2.0
0.479611926671,0.00843881369507,0.094944706741,0.135991323666,0.281013229226,2.0
0.0137639452026,0.0136011145176,0.607596486165,0.0134951784426,0.351543275672,2.0
0.159985131858,0.00646863274112,0.125128254076,0.285022757884,0.423395223441,2.0
0.0219144001256,0.610274978317,0.0888970311173,0.118561919873,0.160351670568,2.0
0.215173714356,0.144597950324,0.189266597478,0.0042569870202,0.446704750822,2.0
0.0199484921153,0.0519801220388,0.26805783228,0.0196076482117,0.640405905354,2.0
0.343662648536,0.0,0.169288118475,0.125581931577,0.361467301413,2.0
0.0123784379094,0.0613961580422,0.126169801029,0.332185713638,0.467869889382,2.0
0.0201874156367,0.160246557765,0.0201863462259,0.258863574156,0.540516106216,2.0
0.0209539192045,0.305910752332,0.0105487311674,0.500493870139,0.162092727157,2.0
0.203092305204,0.421572743618,0.0756388505379,0.193706709044,0.105989391595,2.0
0.0748564652923,0.527437977616,0.0114478676353,0.172205103347,0.214052586109,2.0
0.058415652669,0.328759981287,0.18396110179,0.359459672451,0.0694035918026,2.0
0.453311708873,0.149778057409,0.0727851113713,0.173039280203,0.151085842144,2.0
0.139712175443,0.385567181446,0.0663734407452,0.379409307379,0.028937894987,2.0
0.108460488477,0.0415039219744,0.531583692232,0.0232658483271,0.29518604899,2.0
0.203971435781,0.235302543335,0.042821754657,0.147598769566,0.370305496661,2.0
0.404300320291,0.335595815707,0.151342571511,0.0242827406594,0.0844785518314,2.0
0.306475919677,0.0108911352709,0.244407436182,0.427253913846,0.0109715950246,2.0
0.00669347897658,0.160252776076,0.207288605246,0.618832699029,0.0069324406725,2.0
0.0,1.0,0.0,0.0,0.0,2.0
0.0125701615238,0.219530975979,0.37537929957,0.0126824568608,0.379837106066,2.0
0.475657742322,0.117108828258,0.199078255136,0.00268188819383,0.20547328609,2.0
0.0847944308,0.329929270626,0.134762846408,0.387855154422,0.0626582977434,2.0
0.0155212357048,0.497047803626,0.0155694973546,0.456301228267,0.0155602350475,2.0
0.0195456416937,0.0437287410513,0.250524541361,0.125411634199,0.560789441695,2.0
0.226408537605,0.0454328389407,0.0965561298005,0.120849634803,0.510752858851,2.0
0.285892325909,0.0942050063053,0.397790180731,0.0382907809834,0.183821706071,2.0
0.0136803737106,0.337940971068,0.119892832964,0.514814399366,0.0136714228916,2.0
0.113395429698,0.412114080788,0.0909594034294,0.253792651393,0.129738434691,2.0
0.136920334117,0.547769393688,0.0727923107825,0.0920214968744,0.150496464538,2.0
0.12398934194,0.0,0.0,0.360982046388,0.515028611671,2.0
0.146771605274,0.0759653343909,0.0733503923927,0.627870429844,0.0760422380979,2.0
0.15921954584,0.00755064665149,0.304499036642,0.322628431335,0.206102339531,2.0
0.0136563600976,0.289413400979,0.0135314362223,0.0136903234445,0.669708479257,2.0
0.137508789339,0.225192591186,0.0125004306318,0.1710833018,0.453714887044,2.0
0.0222898238618,0.0224775185383,0.0224069377478,0.909895177607,0.022930542245,2.0
0.00468599288009,0.44112516704,0.181797781075,0.138749137165,0.233641921839,2.0
0.0689110728914,0.00837548326419,0.213237489959,0.00846329157409,0.701012662311,2.0
0.264646914013,0.363657249453,0.208190870427,0.1013255173,0.0621794488068,2.0
0.117585781068,0.336231621063,0.062903180144,0.415884305787,0.0673951119382,2.0
0.727647764488,0.188896238512,0.0275155007081,0.028214835301,0.0277256609912,2.0
0.0701971731046,0.147901201187,0.118757986986,0.258328974519,0.404814664204,2.0
0.733793522109,0.18998247269,0.0253963649377,0.0253023013395,0.0255253389245,2.0
0.0,0.0,0.483720023126,0.0,0.516279976874,2.0
0.0638612685844,0.62859638009,0.0761464352719,0.074338860547,0.157057055507,2.0
0.375048485721,0.0388040532134,0.185508472869,0.0531672030149,0.347471785182,2.0
0.0147359209843,0.0149370771819,0.518991236201,0.0147989976776,0.436536767955,2.0
0.190974353911,0.338786754242,0.0113401802165,0.0776494866204,0.381249225009,2.0
0.0569635845138,0.350241749464,0.0186516322959,0.511441687253,0.0627013464739,2.0
0.0260411185848,0.0242934545561,0.588803922185,0.0310464117198,0.329815092955,2.0
0.361663424785,0.180536147537,0.105270461145,0.233784374702,0.118745591832,2.0
0.0140645434168,0.0137804180029,0.744096577618,0.115066874838,0.112991586125,2.0
0.29762924259,0.0116671829479,0.307933394811,0.149006910414,0.233763269237,2.0
0.0707845544832,0.491928542802,0.0,0.437286902715,0.0,2.0
0.108511936825,0.25314880792,0.0643846695107,0.340246929471,0.233707656274,2.0
0.229824885232,0.230041359323,0.0279359440674,0.287755945988,0.224441865389,2.0
0.0530607161347,0.532425478291,0.125737236733,0.141075888474,0.147700680367,2.0
0.0786341330134,0.00430689069057,0.600022547378,0.0774355683991,0.239600860519,2.0
0.022908898427,0.0227653135687,0.0232695132806,0.908034198951,0.0230220757728,2.0
0.00564911869253,0.543949236639,0.0733270817973,0.203614151477,0.173460411394,2.0
0.274541281962,0.256771153423,0.0838271635898,0.289171109026,0.0956892919993,2.0
0.127548014397,0.0586903287047,0.0198511518264,0.77401087133,0.0198996337423,2.0
0.0126509615211,0.452053832192,0.138341028464,0.0127509523321,0.384203225491,2.0
0.10696765615,0.292545250889,0.112856883811,0.178388276285,0.309241932866,2.0
0.0632942020901,0.335144554893,0.0235525373455,0.40517162519,0.172837080482,2.0
0.133596446893,0.346709436321,0.0356010652699,0.240854356173,0.243238695343,2.0
0.0208395856598,0.0202401130948,0.0203773326045,0.622734142537,0.315808826104,2.0
0.333555825863,0.223132876891,0.0185159701459,0.018486165757,0.406309161344,2.0
0.287960195957,0.0325464722162,0.209917379314,0.0753263730626,0.394249579451,2.0
0.0425991251749,0.397556725706,0.0379489448843,0.395959979957,0.125935224278,2.0
0.0641532390509,0.103370054884,0.101982622148,0.641477905765,0.089016178152,2.0
0.224685998482,0.130334028685,0.44966008054,0.0143149508773,0.181004941416,2.0
0.0621632281692,0.327922506302,0.126480698504,0.278825809624,0.204607757401,2.0
0.0175336169078,0.0174252017989,0.320474985579,0.317290986446,0.327275209268,2.0
0.584155540923,0.0138904909191,0.0561368978741,0.237980499736,0.107836570548,2.0
0.0129301342591,0.0694903514979,0.304703464241,0.0837185063579,0.529157543644,2.0
0.177231972587,0.153963675663,0.0222524950548,0.10212865575,0.544423200944,2.0
0.0968221761381,0.380257577362,0.0799267603694,0.438124260027,0.00486922610281,2.0
0.058081792139,0.56244542913,0.133463531095,0.0841376111201,0.161871636516,2.0
0.0685472738052,0.0667424213126,0.0666777100785,0.067535664132,0.730496930672,2.0
0.0286968154928,0.688495137628,0.0365055847435,0.0399752734263,0.20632718871,2.0
0.0,0.596591396209,0.0,0.322217461789,0.0811911420015,2.0
0.0183447165194,0.0180940995008,0.0181218066941,0.230012415917,0.715426961368,2.0
0.00926980586836,0.393403219536,0.162282060576,0.371813551137,0.0632313628827,2.0
0.233337777039,0.0641805689635,0.00352277256992,0.333633806796,0.365325074631,2.0
0.0773934423382,0.425485414611,0.48782722221,0.00459105925387,0.00470286158746,2.0
0.0182111635274,0.35321585436,0.127809047421,0.018259834818,0.482504099873,2.0
0.303672845385,0.0545860909953,0.0549364340259,0.445941252751,0.140863376843,2.0
0.0907455921533,0.0,0.251818432889,0.311980476424,0.345455498534,2.0
0.0228627018886,0.0229096098591,0.0225323055986,0.17739571947,0.754299663183,2.0
0.0409993599473,0.836411731045,0.0405285343132,0.0408392657695,0.0412211089252,2.0
0.237805526223,0.690152384512,0.0238745837521,0.024134477441,0.0240330280723,2.0
0.362248835373,0.416339219819,0.028615896252,0.0294174166224,0.163378631933,2.0
0.0578694063834,0.646293277136,0.102358644147,0.0891297831881,0.104348889145,2.0
0.288967322443,0.383067930292,0.086610780592,0.163324601639,0.0780293650344,2.0
0.0666666685033,0.0680781811452,0.0666666684826,0.731921813165,0.0666666687035,2.0
0.382509254915,0.0147431150212,0.0144156406522,0.303412813834,0.284919175578,2.0
0.0153464030055,0.0885930508242,0.431789515125,0.0911742269876,0.373096804058,2.0
0.0,0.256195245361,0.0,0.384014379685,0.359790374954,2.0
0.19039573416,0.428063586254,0.0134270893595,0.35471539305,0.0133981971759,2.0
0.12806205401,0.258305682625,0.291391547385,0.108717404517,0.213523311463,2.0
0.29972236367,0.140923949306,0.0852221381304,0.177253634153,0.29687791474,2.0
0.553481316368,0.0276770277901,0.0275095610832,0.148363848676,0.242968246083,2.0
0.339813169514,0.13415949028,0.31258302823,0.0789234673164,0.13452084466,2.0
0.17359034297,0.201289133661,0.0525271310916,0.369209242951,0.203384149326,2.0
0.0220168534083,0.0593610825344,0.109185812221,0.0570299544019,0.752406297435,2.0
0.0,0.70814039893,0.151909683106,0.0,0.139949917964,2.0
0.164586564278,0.254167015745,0.280278396832,0.0195819152675,0.281386107878,2.0
0.0201511271105,0.0203426261726,0.773408755594,0.165405710726,0.0206917803965,2.0
0.0832022286214,0.236536082494,0.0918952602511,0.377483190107,0.210883238526,2.0
0.0295393502595,0.0421593814319,0.812121925337,0.0,0.116179342972,2.0
0.196744203906,0.013375757239,0.0131000044378,0.572740307616,0.204039726801,2.0
0.143795344929,0.0423352606452,0.167218693913,0.00507776583352,0.641572934678,2.0
0.272334719551,0.0137229312386,0.142385476677,0.231956969491,0.339599903042,2.0
0.355368213505,0.089683155933,0.0667937924786,0.326920111375,0.161234726708,2.0
0.307036813108,0.0179972949364,0.0700377449751,0.419767121599,0.185161025382,2.0
0.196945692394,0.448471865158,0.0161975736975,0.141112417143,0.197272451607,2.0
0.020137752287,0.0201951028116,0.0200528906801,0.919580465742,0.0200337884795,2.0
0.0107081348926,0.0108743375203,0.353690169425,0.379805120742,0.244922237421,2.0
0.355585575103,0.253488831923,0.0122021147635,0.248478441144,0.130245037067,2.0
0.148260755865,0.463717600487,0.138293322933,0.0364683249553,0.213259995759,2.0
0.170617342651,0.0144593133191,0.0143488248115,0.634757914071,0.165816605148,2.0
0.520359874286,0.224154490955,0.048779873911,0.0500454833669,0.156660277481,2.0
0.839070057023,0.0169104895434,0.0168687072097,0.0170027315597,0.110148014665,2.0
0.0945011974888,0.208976333175,0.0145082054236,0.667288459504,0.0147258044086,2.0
0.236401419778,0.263353149255,0.144628018401,0.117317681552,0.238299731013,2.0
0.0,0.713784011867,0.0,0.286215988133,0.0,2.0
0.0707145084485,0.00383970870207,0.453800030986,0.120759496183,0.35088625568,2.0
0.0480762833966,0.229392533014,0.197571331552,0.0879717748139,0.436988077223,2.0
0.0188565196993,0.732302632584,0.0190664582847,0.118566780904,0.111207608528,2.0
0.197118824683,0.504675619181,0.0111406713325,0.135485561294,0.15157932351,2.0
0.180285468432,0.361786944338,0.280037091054,0.0569864847749,0.120904011401,2.0
0.00735332003098,0.0479031002832,0.459533219512,0.0332434552174,0.451966904956,2.0
0.478191915785,0.0169362563666,0.0167275378484,0.312047834814,0.176096455186,2.0
0.0534332377379,0.0354543923133,0.379685773179,0.0845021266349,0.446924470134,2.0
0.100000017483,0.100262617128,0.10002103973,0.101437564423,0.598278761236,2.0
0.0402770816521,0.0402439543999,0.0402019669928,0.838481041885,0.0407959550702,2.0
0.0447468418751,0.689267737891,0.0400324979423,0.0862551912218,0.13969773107,2.0
0.0273133123663,0.455266032017,0.149933137956,0.132084794337,0.235402723323,2.0
0.176253512951,0.339329250992,0.0167620009704,0.215290245458,0.252364989629,2.0
0.0871573512094,0.492114758527,0.0,0.262975789866,0.157752100397,2.0
0.19583472921,0.0,0.363579890729,0.259704071094,0.180881308967,2.0
0.215023850035,0.0990113500953,0.0891827701838,0.416974766311,0.179807263375,2.0
0.102040104918,0.509361943261,0.00692864988458,0.0775872778374,0.304082024099,2.0
0.012185401528,0.186488917115,0.116415539552,0.488729479675,0.196180662131,2.0
0.107127336274,0.4369204057,0.0,0.455952258026,0.0,2.0
0.325413720338,0.558384656486,0.0,0.0,0.116201623176,2.0
0.160208701618,0.127923137182,0.402979293251,0.00367486917499,0.305213998774,2.0
0.277641485792,0.0101626535052,0.11439488302,0.163855538529,0.433945439154,2.0
0.142345681977,0.317203581241,0.0185800279222,0.410839398359,0.111031310501,2.0
0.186015015941,0.2099226908,0.418783699431,0.0208867357162,0.164391858112,2.0
0.0257688088283,0.0,0.139749925788,0.0237239657734,0.81075729961,2.0
0.150982978121,0.377462421593,0.0477799611044,0.358059861368,0.0657147778138,2.0
0.12374491793,0.0408415138133,0.221539051519,0.0426425472505,0.571231969488,2.0
0.117126861043,0.527891094765,0.158246359789,0.0157350566061,0.181000627797,2.0
0.251528997376,0.0208929593086,0.157869288097,0.240224692585,0.329484062634,2.0
0.0742848238568,0.00624826202658,0.606053494592,0.164090753553,0.149322665971,2.0
0.114548431704,0.452673266425,0.0188798565619,0.239160413275,0.174738032034,2.0
0.178120353384,0.273324948769,0.0894754737782,0.314308667813,0.144770556256,2.0
0.0775750849359,0.135376221192,0.00714682230158,0.730684295483,0.0492175760874,2.0
0.0622318863618,0.36388187023,0.298270996192,0.0292990380184,0.246316209198,2.0
0.381913696704,0.0705442547208,0.0302016067929,0.0690286168548,0.448311824927,2.0
0.216652389198,0.105437757328,0.139758863634,0.392971923172,0.145179066668,2.0
0.146207521399,0.0264671063527,0.42122733913,0.187158862092,0.218939171027,2.0
0.0,0.537154510449,0.0,0.0695524819275,0.393293007624,2.0
0.11781140258,0.504100883478,0.378087713942,0.0,0.0,2.0
0.116780380109,0.416600877187,0.054552397183,0.23929576464,0.17277058088,2.0
0.401277289699,0.0684309210597,0.199463892349,0.273999146191,0.0568287507015,2.0
0.165225025365,0.478300586447,0.0131494261563,0.0739673649701,0.269357597061,2.0
0.0,0.409535137888,0.0,0.432490005414,0.157974856698,2.0
0.0502031550356,0.380181378811,0.0,0.296317832142,0.273297634012,2.0
0.0820417223743,0.220317249382,0.0240501286558,0.621604628496,0.0519862710916,2.0
0.342264018496,0.0101912748104,0.128398223603,0.212814023557,0.306332459533,2.0
0.206580949469,0.314811555782,0.0659280283268,0.111403153363,0.301276313059,2.0
0.295471828918,0.175764741988,0.259711770354,0.0136337122501,0.25541794649,2.0
0.271646920333,0.332742064,0.0255177621108,0.139238433694,0.230854819863,2.0
0.0535536341964,0.272601794283,0.0139774491569,0.535293099092,0.124574023271,2.0
0.162847101638,0.238728348596,0.00284718506006,0.150158924277,0.445418440428,2.0
0.174575171082,0.437233406322,0.0787413938476,0.197166883991,0.112283144757,2.0
0.11232975808,0.317397501368,0.0243574230219,0.206065025456,0.339850292074,2.0
0.0569539134915,0.106453276154,0.0305996546114,0.51206045882,0.293932696923,2.0
0.00689919948895,0.00691756887771,0.184463567361,0.499758183838,0.301961480435,2.0
0.0166670529567,0.583090119772,0.15356922407,0.229792624913,0.0168809782885,2.0
0.0633206379407,0.133348400019,0.435142623897,0.127436837656,0.240751500486,2.0
0.0146411133769,0.940994856939,0.0148295117972,0.0149109559814,0.0146235619053,2.0
0.164680960088,0.0171105788158,0.158749385812,0.128849778363,0.530609296921,2.0
0.185637379684,0.425012868669,0.0674597066283,0.175502675121,0.146387369899,2.0
0.306813190039,0.322131876771,0.0224396163068,0.188222467008,0.160392849876,2.0
0.0,0.359846800914,0.131091167837,0.509062031249,0.0,2.0
0.0937607751419,0.289389648402,0.0,0.480886072313,0.135963504143,2.0
0.0258824376486,0.0997351877237,0.448457535801,0.202470640609,0.223454198218,2.0
0.14483388411,0.125793741081,0.0555622297022,0.315976167257,0.35783397785,2.0
0.102678222658,0.0380761603263,0.383178971542,0.0439880651766,0.432078580297,2.0
0.00627448640627,0.745892393663,0.00630275190957,0.125544699835,0.115985668186,2.0
0.033669478663,0.864715672324,0.0339328951864,0.0340698160138,0.033612137813,2.0
0.358046654536,0.119593440738,0.0599508116628,0.1276051973,0.334803895764,2.0
0.495001939516,0.0183369367807,0.0180360477353,0.323980039919,0.144645036049,2.0
0.164633650091,0.119339619908,0.574345703098,0.0574847272354,0.0841962996681,2.0
0.052516408534,0.375978144425,0.228636752579,0.317271918996,0.0255967754666,2.0
0.0154126415981,0.847392393083,0.0155366114075,0.106243984636,0.0154143692747,2.0
0.024820619732,0.190267082813,0.0563248266762,0.577896660785,0.150690809993,2.0
0.01371985113,0.428407416074,0.248030522982,0.296307864616,0.0135343451992,2.0
0.0349159814316,0.015223372482,0.118604788602,0.22582452118,0.605431336305,2.0
0.0683332146192,0.06667875968,0.422137846267,0.0677397595836,0.375110419851,2.0
0.0272641794554,0.590141925874,0.0168904661583,0.288028735963,0.0776746925491,2.0
0.0564197400628,0.114494760867,0.0647636130859,0.501067367069,0.263254518916,2.0
0.0,0.18801316655,0.0,0.658967576419,0.153019257031,2.0
0.0628051308109,0.503928531112,0.0632248990336,0.0893897102957,0.280651728748,2.0
0.0222979280514,0.0228248753636,0.206904342712,0.415186921558,0.332785932315,2.0
0.342220888754,0.32570086678,0.215069882507,0.0,0.117008361959,2.0
0.0131350304493,0.161122705918,0.44741753194,0.0495956834155,0.328729048277,2.0
0.010245526635,0.431080418484,0.216578585783,0.331816889386,0.0102785797118,2.0
0.0514086960356,0.0657070044669,0.11089433717,0.359128225262,0.412861737065,2.0
0.119044432818,0.304047110629,0.365426028145,0.00718078891797,0.204301639489,2.0
0.0165334817747,0.360029052016,0.0866543956375,0.519860001681,0.0169230688916,2.0
0.178314784844,0.116318556382,0.443906396653,0.202744257543,0.0587160045781,2.0
0.501491121599,0.0651494780437,0.0351126815832,0.262475854531,0.135770864243,2.0
0.149423609149,0.282782538863,0.132618850642,0.0881490141222,0.347025987224,2.0
0.179386931488,0.555037695263,0.00280643815369,0.205989019565,0.0567799155303,2.0
0.145210856328,0.0404522494605,0.0405986019114,0.260070252364,0.513668039936,2.0
0.0977895804698,0.680211498689,0.00992823251028,0.18140802884,0.0306626594905,2.0
0.399980003568,0.0666667436726,0.0666667931407,0.400019631964,0.0666668276544,2.0
0.112383067355,0.251491316349,0.0534258393938,0.468661551857,0.114038225045,2.0
0.103343380339,0.270278676783,0.0180632166083,0.248010914837,0.360303811433,2.0
0.0223401657896,0.0228004242431,0.177028472453,0.755289786273,0.0225411512406,2.0
0.269235105395,0.144576200143,0.562198531717,0.0119658369218,0.0120243258239,2.0
0.134102953341,0.430431120435,0.0655160317602,0.2024431209,0.167506773564,2.0
0.0144845020191,0.681807154841,0.014333679751,0.275030381482,0.0143442819066,2.0
0.0156644296423,0.199059936919,0.256172890423,0.213014947246,0.31608779577,2.0
0.0500000541174,0.050063003007,0.799348165032,0.050000020465,0.0505887573789,2.0
0.0336434513766,0.0334987522182,0.0335810042758,0.864973989574,0.0343028025559,2.0
0.0409419548073,0.0406596427554,0.0401940366847,0.837111314666,0.0410930510865,2.0
0.127472831412,0.0,0.156739889944,0.0953221335777,0.620465145066,2.0
0.216366039219,0.0646684433717,0.0102281715613,0.155231471501,0.553505874346,2.0
0.24932275671,0.209033185936,0.0891244148806,0.347065201913,0.105454440559,2.0
0.244761641231,0.215242175823,0.0833528304751,0.331032476526,0.125610875945,2.0
0.187496762448,0.304466124314,0.0541741663741,0.301759812356,0.152103134508,2.0
0.346143320309,0.0405210717039,0.0424555235129,0.287116844351,0.283763240123,2.0
0.546302421983,0.024977182407,0.147090829447,0.0249712320201,0.256658334143,2.0
0.240010090181,0.20640124427,0.161492055841,0.149901401837,0.242195207871,2.0
0.197868813283,0.135472978388,0.0876397792412,0.461650815091,0.117367613997,2.0
0.201579709045,0.298421883253,0.173225658821,0.258750944915,0.0680218039671,2.0
